%YAML:1.0
---
rotationMatrix: !!opencv-matrix
   rows: 3
   cols: 3
   dt: d
   data: [ 9.9955960889110951e-001, 1.2767723006301570e-002,
       -2.6787562835885140e-002, -1.0344144162109424e-002,
       9.9600127184381348e-001, 8.8738183253092379e-002,
       2.7813431197995592e-002, -8.8422009334442664e-002,
       9.9569471290664890e-001 ]
translationMatrix: [ -5.6486388080138470e+000, -3.1915016812910646e+000,
    2.0317718881984801e+000 ]
essentialMatrix: !!opencv-matrix
   rows: 3
   cols: 3
   dt: d
   data: [ -6.7749671114829921e-002, -1.7414483932881848e+000,
       -3.3580570964376322e+000, 2.1879851407726445e+000,
       -4.7352289272858694e-001, 5.5698935791354014e+000,
       3.2485265064763960e+000, -5.5853032275272447e+000,
       -5.8674249750447949e-001 ]
fundamentalMatrix: !!opencv-matrix
   rows: 3
   cols: 3
   dt: d
   data: [ -6.7749671114829921e-002, -1.7414483932881848e+000,
       -3.3580570964376322e+000, 2.1879851407726445e+000,
       -4.7352289272858694e-001, 5.5698935791354014e+000,
       3.2485265064763960e+000, -5.5853032275272447e+000,
       -5.8674249750447949e-001 ]
rotationMatrixLeft: !!opencv-matrix
   rows: 3
   cols: 3
   dt: d
   data: [ 8.1731988919680654e-001, 5.0459147879849597e-001,
       -2.7816476816316454e-001, -4.9091187678036197e-001,
       8.6258227184471403e-001, 1.2230025975113321e-001,
       3.0165166659460507e-001, 3.6595953644616590e-002,
       9.5271559671159922e-001 ]
rotationMatrixRight: !!opencv-matrix
   rows: 3
   cols: 3
   dt: d
   data: [ 8.3085378922302422e-001, 4.6943544371262497e-001,
       -2.9885171092043866e-001, -4.8295859793044821e-001,
       8.7506380591326582e-001, 3.1848520619426224e-002,
       2.7646513997030114e-001, 1.1787153925745281e-001,
       9.5376796266926511e-001 ]
projectionMatrixLeft: !!opencv-matrix
   rows: 3
   cols: 4
   dt: d
   data: [ 5.1515953370582690e+002, 0., 5.2866432899236679e+002, 0., 0.,
       5.1515953370582690e+002, 1.8435744428634644e+002, 0., 0., 0., 1.,
       0. ]
projectionMatrixRight: !!opencv-matrix
   rows: 3
   cols: 4
   dt: d
   data: [ 5.1515953370582690e+002, 0., 5.2866432899236679e+002,
       -3.5023612724090744e+003, 0., 5.1515953370582690e+002,
       1.8435744428634644e+002, 0., 0., 0., 1., 0. ]
dispToDepthMatrix: !!opencv-matrix
   rows: 4
   cols: 4
   dt: d
   data: [ 1., 0., 0., -5.2866432899236679e+002, 0., 1., 0.,
       -1.8435744428634644e+002, 0., 0., 0., 5.1515953370582690e+002, 0.,
       0., 1.4708920457868072e-001, 0. ]
