%YAML:1.0
---
cameraMatrixLeft: !!opencv-matrix
   rows: 3
   cols: 3
   dt: d
   data: [ 6.2778337824542120e+002, 0., 2.9094532250726309e+002, 0.,
       6.2628465030620237e+002, 2.4468362549519830e+002, 0., 0., 1. ]
distCoefficientsMatrixLeft: !!opencv-matrix
   rows: 1
   cols: 5
   dt: d
   data: [ -4.3497471743938804e-001, 1.3499500509890072e-001,
       -3.4589687679953750e-003, 1.1889175391340814e-002,
       4.8311943572667014e-002 ]
cameraMatrixRight: !!opencv-matrix
   rows: 3
   cols: 3
   dt: d
   data: [ 6.5900688286165985e+002, 0., 3.1209615717461043e+002, 0.,
       6.6175615200479012e+002, 2.4217591986644607e+002, 0., 0., 1. ]
distCoefficientsMatrixRight: !!opencv-matrix
   rows: 1
   cols: 5
   dt: d
   data: [ -5.0141088482161855e-001, 3.6719545594255004e-001,
       4.4367992373506613e-004, 3.3077936290174747e-003,
       -2.1221333781276688e-001 ]
